4.56570233E-007  6.47812639E-008 -.00592615409 -.00899204364 -.00597021405 -3.41881271E-007 -9.3204905E-007 -2.09994428  3.61135041E-005 -1.06070803E-008  .00825519084 -2.90597296E-006  .000128070397
6.47812639E-008  4.75862013E-007 -.00344583173  .00169513523 -.00488433513  2.15151685E-006  5.26510629E-006 -.531459881  1.10345479E-005 -5.25054765E-009  .0011211916 -1.55838396E-006  7.30554001E-005
-.00592615409 -.00344583173  143.429382  97.0587749  101.604782 -.00613992932 -.0294662172  28471.8189 -.517994776  .000152148227  15.0599086  .0456659495 -1.75467997
-.00899204364  .00169513523  97.0587749  203.605983  91.6084079  .0199450421  .0463405919  40784.0775 -.619352244  .000164248808 -161.486635  .0440897593 -1.75979887
-.00597021405 -.00488433513  101.604782  91.6084079  118.840826 -.00964803825 -.027248822  30286.6657 -.31308199  .000139656352 -98.1094294  .0422196802 -1.41757791
-3.41881271E-007  2.15151685E-006 -.00613992932  .0199450421 -.00964803825  8.32587885E-005  1.44699973E-005  1.24749011  .000267424263 -2.44105922E-008 -.0153576089 -1.21652367E-006  .000643601431
-9.3204905E-007  5.26510629E-006 -.0294662172  .0463405919 -.027248822  1.44699973E-005  .000317972767  .610207387 -5.92591675E-005  1.7637627E-008 -.0775616159 -1.1669301E-006 -.000183474402
-2.09994428 -.531459881  28471.8189  40784.0775  30286.6657  1.24749011  .610207387  10067428.1 -132.783416  .0442218713 -36155.9475  12.5480601 -467.140056
3.61135041E-005  1.10345479E-005 -.517994776 -.619352244 -.31308199  .000267424263 -5.92591675E-005 -132.783416  .41019611 -6.60946372E-005  11.3210874 -.0130484259  1.49617995
-1.06070803E-008 -5.25054765E-009  .000152148227  .000164248808  .000139656352 -2.44105922E-008  1.7637627E-008  .0442218713 -6.60946372E-005  1.24876982E-008 -.00308882279  2.52968739E-006 -.000261229134
.00825519084  .0011211916  15.0599086 -161.486635 -98.1094294 -.0153576089 -.0775616159 -36155.9475  11.3210874 -.00308882279  3210.104 -.753889234  64.7338769
-2.90597296E-006 -1.55838396E-006  .0456659495  .0440897593  .0422196802 -1.21652367E-006 -1.1669301E-006  12.5480601 -.0130484259  2.52968739E-006 -.753889234  .000570200204 -.0551713479
.000128070397  7.30554001E-005 -1.75467997 -1.75979887 -1.41757791  .000643601431 -.000183474402 -467.140056  1.49617995 -.000261229134  64.7338769 -.0551713479  5.90741371
