3.73072153E-007 -5.70296289E-008 -.00528474931 -.0102809375 -.00540336334 -5.86066749E-009 -1.22026643E-006 -2.52119187  7.41829031E-005 -1.57937236E-008  .00733261092 -3.18316399E-006  .000237309832
-5.70296289E-008  3.95771458E-007 -.00085787675  .00436408023 -.00303137974  9.92352817E-007  2.95277474E-006  .165373748  3.04676631E-005 -3.53418775E-009  .00213365791 -3.49532741E-007  8.1722271E-005
-.00528474931 -.00085787675  166.54687  124.680569  101.806271  .000808278069  .00573791492  36627.2305 -1.848444  .000308902127  127.307804  .069616761 -6.24741089
-.0102809375  .00436408023  124.680569  321.587092  108.721563  .00393637397  .0550079202  68602.8017 -2.31609208  .000503881058 -196.21939  .0916824563 -7.21864115
-.00540336334 -.00303137974  101.806271  108.721563  135.483596 -.00704425829 -.0106264579  40047.3479 -.758371321  .000127399245 -104.273668  .0284663245 -1.91989413
-5.86066749E-009  9.92352817E-007  .000808278069  .00393637397 -.00704425829  2.73030266E-005  8.59986161E-006 -.514852845  6.37599129E-005  1.42791311E-008  .00760417727  9.24452844E-006 -.000330670987
-1.22026643E-006  2.95277474E-006  .00573791492  .0550079202 -.0106264579  8.59986161E-006  .000135539067  6.31615119 -.000339761594  9.06299324E-008  .0561711151  1.77182597E-005 -.00121088124
-2.52119187  .165373748  36627.2305  68602.8017  40047.3479 -.514852845  6.31615119  17618921. -488.1375  .0987788141 -48101.8531  18.598472 -1413.87146
7.41829031E-005  3.04676631E-005 -1.848444 -2.31609208 -.758371321  6.37599129E-005 -.000339761594 -488.1375  .278750659 -5.05229207E-005  3.30920823 -.00805848813  .931352749
-1.57937236E-008 -3.53418775E-009  .000308902127  .000503881058  .000127399245  1.42791311E-008  9.06299324E-008  .0987788141 -5.05229207E-005  1.16475396E-008 -.00148785455  1.99420774E-006 -.000193578653
.00733261092  .00213365791  127.307804 -196.21939 -104.273668  .00760417727  .0561711151 -48101.8531  3.30920823 -.00148785455  2764.90964 -.303595552  22.1065678
-3.18316399E-006 -3.49532741E-007  .069616761  .0916824563  .0284663245  9.24452844E-006  1.77182597E-005  18.598472 -.00805848813  1.99420774E-006 -.303595552  .00041060614 -.0354970027
.000237309832  8.1722271E-005 -6.24741089 -7.21864115 -1.91989413 -.000330670987 -.00121088124 -1413.87146  .931352749 -.000193578653  22.1065678 -.0354970027  3.58991614
