2.28974732E-007  1.54055979E-008 -.00361400901 -.00615444361 -.00427699704 -3.15404407E-007 -8.5964403E-007 -1.71762028 -4.86905995E-005  1.52062423E-009  .00598786603 -2.01912368E-008 -.000142459868
1.54055979E-008  6.10950883E-007  .000569037348  .00159241181 -.00154468867  6.4718594E-007  2.46381487E-006 -.116602621  1.8244557E-005 -7.69117789E-009  .00453957462 -2.14725031E-007  1.92794626E-005
-.00361400901  .000569037348  111.207915  94.623855  71.7227903  .0117478754  .00441281339  27493.3527  .314112052  4.85950325E-005 -37.0475208  .0120154163  .702120487
-.00615444361  .00159241181  94.623855  187.101784  97.2911605  .00593250691  .0434215212  45998.7023  1.03049991 -8.55365548E-006 -157.082034  .00446770187  3.0287262
-.00427699704 -.00154468867  71.7227903  97.2911605  101.687134  .0050326877  .000108445564  33282.145  .894905371 -1.31663241E-005 -111.384136  .00339769168  2.50674881
-3.15404407E-007  6.4718594E-007  .0117478754  .00593250691  .0050326877  7.01055865E-005  6.85390763E-006  2.49531631  .000500596369 -1.286949E-007  .0216912483 -1.90794792E-005  .00193535837
-8.5964403E-007  2.46381487E-006  .00441281339  .0434215212  .000108445564  6.85390763E-006  .000162951173  5.68717557  .000181627863 -3.92409714E-008  .0158701636 -8.91842965E-006  .00112916243
-1.71762028 -.116602621  27493.3527  45998.7023  33282.145  2.49531631  5.68717557  13123661.8  335.099961 -.00596610452 -44652.8402  .794840124  974.215578
-4.86905995E-005  1.8244557E-005  .314112052  1.03049991  .894905371  .000500596369  .000181627863  335.099961  .403602171 -8.02403965E-005  10.0621119 -.0111618794  1.34989864
1.52062423E-009 -7.69117789E-009  4.85950325E-005 -8.55365548E-006 -1.31663241E-005 -1.286949E-007 -3.92409714E-008 -.00596610452 -8.02403965E-005  1.95934178E-008 -.003250638  2.6830032E-006 -.000284904622
.00598786603  .00453957462 -37.0475208 -157.082034 -111.384136  .0216912483  .0158701636 -44652.8402  10.0621119 -.003250638  2329.05287 -.521608775  44.6114912
-2.01912368E-008 -2.14725031E-007  .0120154163  .00446770187  .00339769168 -1.90794792E-005 -8.91842965E-006  .794840124 -.0111618794  2.6830032E-006 -.521608775  .000436077818 -.0427107872
-.000142459868  1.92794626E-005  .702120487  3.0287262  2.50674881  .00193535837  .00112916243  974.215578  1.34989864 -.000284904622  44.6114912 -.0427107872  4.80556929
