1.46694726E-007 -3.81468061E-009 -.00304941547 -.00584117666 -.0040060828  6.35880155E-008 -5.59354697E-007 -1.97922559  5.04335368E-005 -2.27996378E-008  .00370567197 -3.02409971E-006  .000217605008
-3.81468061E-009  2.2726298E-007 -.00075070663  .00229041042 -.00216255113  8.87750022E-007  2.83247098E-006 -.0868006684  5.39093076E-005 -1.5163463E-008  .00169096625 -1.67190306E-006  .000181010666
-.00304941547 -.00075070663  122.924521  109.449801  99.1510821 -.000278493403 -.00295300614  42389.2851 -2.27793852  .000739811505 -23.7967432  .107967919 -8.99049238
-.00584117666  .00229041042  109.449801  271.111889  121.025279  .00577057259  .0571812914  77262.9548 -1.82979968  .000792085102 -158.470876  .110716446 -7.95742659
-.0040060828 -.00216255113  99.1510821  121.025279  156.550033 -.0127417106 -.0207222014  57374.4515 -1.62134771  .000777658101 -83.5376301  .0949632336 -6.84451627
6.35880155E-008  8.87750022E-007 -.000278493403  .00577057259 -.0127417106  3.9390876E-005  1.42753422E-005 -1.63394945  .00026669795 -1.092956E-007  .0277965847 -6.71037663E-006  .000770728942
-5.59354697E-007  2.83247098E-006 -.00295300614  .0571812914 -.0207222014  1.42753422E-005  .000147208799  5.01173042  .000402507705 -1.88505206E-007 -.00305008315 -1.49405392E-005  .0015510816
-1.97922559 -.0868006684  42389.2851  77262.9548  57374.4515 -1.63394945  5.01173042  27258467. -728.991816  .327358606 -48379.7597  42.5567047 -3094.64373
5.04335368E-005  5.39093076E-005 -2.27793852 -1.82979968 -1.62134771  .00026669795  .000402507705 -728.991816  .454747235 -.00011871144  9.91485375 -.0152076766  1.58560082
-2.27996378E-008 -1.5163463E-008  .000739811505  .000792085102  .000777658101 -1.092956E-007 -1.88505206E-007  .327358606 -.00011871144  3.7248309E-008 -.00302228543  4.44284662E-006 -.00042628287
.00370567197  .00169096625 -23.7967432 -158.470876 -83.5376301  .0277965847 -.00305008315 -48379.7597  9.91485375 -.00302228543  1346.09578 -.433893409  41.9190965
-3.02409971E-006 -1.67190306E-006  .107967919  .110716446  .0949632336 -6.71037663E-006 -1.49405392E-005  42.5567047 -.0152076766  4.44284662E-006 -.433893409  .0006622613 -.0596233403
.000217605008  .000181010666 -8.99049238 -7.95742659 -6.84451627  .000770728942  .0015510816 -3094.64373  1.58560082 -.00042628287  41.9190965 -.0596233403  5.87949913
