8.62561025E-008 -3.26839386E-008 -.00243029435 -.00465004955 -.00413622816  5.08483837E-007  3.60193852E-007 -2.1483074  5.44438686E-005 -1.95625703E-008  .00200836107 -1.83087941E-006  .000144931116
-3.26839386E-008  2.72690299E-007  .000380881862  .0032596532  .000203872534  6.13459949E-007  2.33397401E-006  .707457274  6.08564172E-006 -1.78789459E-009  .00222045767  2.0453687E-007  1.51317929E-005
-.00243029435  .000380881862  131.672327  116.691652  136.097574 -.0205043806 -.041537212  63500.082 -2.11685756  .000698684685 -69.8990236  .0713483935 -6.04681994
-.00465004955  .0032596532  116.691652  288.235526  181.561589 -.0192046887  .0288289271  112022.309 -2.50563323  .000995278041 -103.334932  .103688168 -7.19149099
-.00413622816  .000203872534  136.097574  181.561589  259.795385 -.0347732457 -.0719499629  110741.322 -3.02948649  .000948138294 -73.322366  .0693435457 -6.88969577
5.08483837E-007  6.13459949E-007 -.0205043806 -.0192046887 -.0347732457  2.53615518E-005  2.31357614E-005 -13.5631873  .000397902329 -1.46988749E-007  .00847300013 -3.23243858E-006  .000426262249
3.60193852E-007  2.33397401E-006 -.041537212  .0288289271 -.0719499629  2.31357614E-005  .000185640122 -15.1122769  .000612764693 -2.32539311E-007  .0759938599 -5.76213978E-006  .00159942709
-2.1483074  .707457274  63500.082  112022.309  110741.322 -13.5631873 -15.1122769  54947970.4 -1407.3236  .493035714 -44751.187  43.1470163 -3565.86155
5.44438686E-005  6.08564172E-006 -2.11685756 -2.50563323 -3.02948649  .000397902329  .000612764693 -1407.3236  .1771713 -5.49720518E-005  6.17709463 -.00489125889  .505608218
-1.95625703E-008 -1.78789459E-009  .000698684685  .000995278041  .000948138294 -1.46988749E-007 -2.32539311E-007  .493035714 -5.49720518E-005  2.13436904E-008 -.0026347485  2.02016394E-006 -.0001763275
.00200836107  .00222045767 -69.8990236 -103.334932 -73.322366  .00847300013  .0759938599 -44751.187  6.17709463 -.0026347485  813.036454 -.348637291  28.0497613
-1.83087941E-006  2.0453687E-007  .0713483935  .103688168  .0693435457 -3.23243858E-006 -5.76213978E-006  43.1470163 -.00489125889  2.02016394E-006 -.348637291  .000277373218 -.0208610542
.000144931116  1.51317929E-005 -6.04681994 -7.19149099 -6.88969577  .000426262249  .00159942709 -3565.86155  .505608218 -.0001763275  28.0497613 -.0208610542  1.83385718
