3.77979619E-007 -7.62938453E-008 -.00697533526 -.00946283147 -.00682274682  1.68182647E-007 -1.10863697E-006 -2.62483295  2.91989889E-005 -1.42769569E-008  .00763604796 -2.08889911E-006  9.59013066E-005
-7.62938453E-008  3.86651665E-007  .00389631429  .00363695658 -.000603920673  1.2057174E-006  2.5038389E-006  .42747217  3.34586492E-005 -6.86886146E-009  .00307862276 -1.03317466E-006  .000123443185
-.00697533526  .00389631429  340.697409  166.044427  138.642287  .00613939033  .0283441718  48717.7375 -.064778709  .000155335613  190.037907  .000445184658  1.10680548
-.00946283147  .00363695658  166.044427  266.581094  142.341579 -.00211083572  .044548889  65579.4411 -.743547742  .000377190997 -200.980535  .0520700197 -2.36031384
-.00682274682 -.000603920673  138.642287  142.341579  162.728415 -.00517353817  .00320138307  49819.1719 -.671387699  .000305778191 -156.027242  .0475408237 -2.57077386
1.68182647E-007  1.2057174E-006  .00613939033 -.00211083572 -.00517353817  2.33236223E-005  9.02778377E-006 -1.3863846  3.65049998E-005 -1.51109402E-008  .0135008981  8.11437334E-007 -.000173280298
-1.10863697E-006  2.5038389E-006  .0283441718  .044548889  .00320138307  9.02778377E-006  6.79450766E-005  7.20824879  1.33744184E-005  2.14752463E-008 -.0119612761 -9.56336914E-007  .000295634832
-2.62483295  .42747217  48717.7375  65579.4411  49819.1719 -1.3863846  7.20824879  18746840.3 -239.155432  .112527897 -57951.9055  16.5889546 -830.790468
2.91989889E-005  3.34586492E-005 -.064778709 -.743547742 -.671387699  3.65049998E-005  1.33744184E-005 -239.155432  .297679037 -6.09828839E-005  9.6874665 -.00877044664  .998031572
-1.42769569E-008 -6.86886146E-009  .000155335613  .000377190997  .000305778191 -1.51109402E-008  2.14752463E-008  .112527897 -6.09828839E-005  1.61452633E-008 -.00327044774  2.38683195E-006 -.000235356174
.00763604796  .00307862276  190.037907 -200.980535 -156.027242  .0135008981 -.0119612761 -57951.9055  9.6874665 -.00327044774  2762.16197 -.622414725  52.8695083
-2.08889911E-006 -1.03317466E-006  .000445184658  .0520700197  .0475408237  8.11437334E-007 -9.56336914E-007  16.5889546 -.00877044664  2.38683195E-006 -.622414725  .000427868979 -.0386325648
9.59013066E-005  .000123443185  1.10680548 -2.36031384 -2.57077386 -.000173280298  .000295634832 -830.790468  .998031572 -.000235356174  52.8695083 -.0386325648  3.93624451
