8.56103203E-007 -6.20878232E-008 -.0112487896 -.0139922327 -.0118632982  4.8913195E-007 -1.31557405E-006 -3.58298743  4.32956692E-005 -5.87896288E-009  .0126406955 -3.28560134E-006  9.62128204E-005
-6.20878232E-008  2.90840784E-007  .000946363837  .00247620719 -.000479965745  9.64105913E-007  2.77740884E-006  .275059671  4.12028092E-005 -5.76429761E-009  .00423564726 -9.25171884E-007  .000148935905
-.0112487896  .000946363837  222.289728  180.876559  158.936264 -.00597549182  .0150075095  47205.4221 -.252392135 -3.56761633E-005  8.68769017  .0155574333  .652481697
-.0139922327  .00247620719  180.876559  246.733557  182.177975 -.00482004725  .0404250252  59612.528 -.176707332  2.76304666E-005 -169.838882  .036510567  .309689193
-.0118632982 -.000479965745  158.936264  182.177975  183.941137 -.0087396878 -7.99463698E-005  51145.6959 -1.18138637  .00017291985 -212.794949  .065459783 -3.44365542
4.8913195E-007  9.64105913E-007 -.00597549182 -.00482004725 -.0087396878  2.14092023E-005  8.65585245E-006 -1.8443596  6.19230774E-005 -7.95200443E-009  .0141991439 -1.5130336E-006  9.64997127E-005
-1.31557405E-006  2.77740884E-006  .0150075095  .0404250252 -7.99463698E-005  8.65585245E-006  7.42447352E-005  5.26290725  .00108175026 -2.02282031E-007  .0959449256 -4.10070026E-005  .00450194695
-3.58298743  .275059671  47205.4221  59612.528  51145.6959 -1.8443596  5.26290725  15503631.1 -204.751418  .0314668302 -54795.9769  14.977984 -508.36688
4.32956692E-005  4.12028092E-005 -.252392135 -.176707332 -1.18138637  6.19230774E-005  .00108175026 -204.751418  .279973907 -4.5089592E-005  21.220764 -.00928449153  1.02864145
-5.87896288E-009 -5.76429761E-009 -3.56761633E-005  2.76304666E-005  .00017291985 -7.95200443E-009 -2.02282031E-007  .0314668302 -4.5089592E-005  8.50811009E-009 -.00433740059  1.80281263E-006 -.000181505387
.0126406955  .00423564726  8.68769017 -169.838882 -212.794949  .0141991439  .0959449256 -54795.9769  21.220764 -.00433740059  3741.02618 -1.01429068  94.5033805
-3.28560134E-006 -9.25171884E-007  .0155574333  .036510567  .065459783 -1.5130336E-006 -4.10070026E-005  14.977984 -.00928449153  1.80281263E-006 -1.01429068  .00042433794 -.0394984536
9.62128204E-005  .000148935905  .652481697  .309689193 -3.44365542  9.64997127E-005  .00450194695 -508.36688  1.02864145 -.000181505387  94.5033805 -.0394984536  4.10438721
