1.49265709E-07 -6.12903897E-09 -0.00308743802 -0.00596748312 -0.00404526561  8.29007251E-08 -5.78161297E-07 -2.010919  4.58164907E-05 -2.15355862E-08  0.0033237164 -2.78517612E-06  0.000197168132
-6.12903897E-09  2.28868714E-07 -0.000734096945  0.00237588194 -0.00210192302  9.09545013E-07  2.87977549E-06 -0.0580516321  5.16678641E-05 -1.42697881E-08  0.00165314741 -1.61292254E-06  0.000173824706
-0.00308743802 -0.000734096945  124.747199  110.786579  100.142136 -0.000831416611 -0.00371863956  42841.6876 -2.17246318  0.000708765268 -17.0709261  0.10329094 -8.56931673
-0.00596748312  0.00237588194  110.786579  277.42481  122.77971  0.00533569148  0.0588709781  78824.1036 -1.72390023  0.000761037671 -145.007992  0.103365563 -7.37559177
-0.00404526561 -0.00210192302  100.142136  122.77971  157.584363 -0.0138982275 -0.0212421369  57906.5835 -1.45037925  0.000727952073 -72.2364778  0.0866113545 -6.1479815
8.29007251E-08  9.09545013E-07 -0.000831416611  0.00533569148 -0.0138982275  4.03737509E-05  1.47110777E-05 -1.97608562  0.000239462439 -1.09115861E-07  0.0287749511 -5.69688787E-06  0.000671970406
-5.78161297E-07  2.87977549E-06 -0.00371863956  0.0588709781 -0.0212421369  1.47110777E-05  0.000148288055  5.25773554  0.000302046733 -1.78757799E-07 -0.00258840486 -1.27979902E-05  0.0012204001
-2.010919 -0.0580516321  42841.6876  78824.1036  57906.5835 -1.97608562  5.25773554  27661134.7 -670.640278  0.310228259 -43482.4322  39.2875108 -2829.20782
4.58164907E-05  5.16678641E-05 -2.17246318 -1.72390023 -1.45037925  0.000239462439  0.000302046733 -670.640278  0.45692956 -0.000119043482  9.88376923 -0.0151103167  1.58386489
-2.15355862E-08 -1.42697881E-08  0.000708765268  0.000761037671  0.000727952073 -1.09115861E-07 -1.78757799E-07  0.310228259 -0.000119043482  3.74422061E-08 -0.00301118353  4.4096322E-06 -0.00042501276
0.0033237164  0.00165314741 -17.0709261 -145.007992 -72.2364778  0.0287749511 -0.00258840486 -43482.4322  9.88376923 -0.00301118353  1308.69195 -0.424873447  41.2705381
-2.78517612E-06 -1.61292254E-06  0.10329094  0.103365563  0.0866113545 -5.69688787E-06 -1.27979902E-05  39.2875108 -0.0151103167  4.4096322E-06 -0.424873447  0.000652406805 -0.0589604516
0.000197168132  0.000173824706 -8.56931673 -7.37559177 -6.1479815  0.000671970406  0.0012204001 -2829.20782  1.58386489 -0.00042501276  41.2705381 -0.0589604516  5.84089959
