4.57092041E-07  5.78769992E-08 -0.00588625886 -0.00903229817 -0.00591473236 -1.9763532E-07 -9.51947295E-07 -2.09656575  3.44083802E-05 -9.72643459E-09  0.00767978405 -2.73972885E-06  0.00011585581
5.78769992E-08  4.58109893E-07 -0.00332300602  0.00174466041 -0.00468601273  1.96640201E-06  5.04986679E-06 -0.497497848  1.33778239E-05 -5.16564157E-09  0.000580275088 -1.57674684E-06  8.25306645E-05
-0.00588625886 -0.00332300602  143.754367  96.7354963  100.301119 -0.00673888639 -0.0282263546  28233.3281 -0.46324113  0.000132502618  28.463783  0.0418259727 -1.43895878
-0.00903229817  0.00174466041  96.7354963  204.448675  91.4514553  0.0162081473  0.0453681663  40849.4852 -0.566361197  0.000146224931 -151.276508  0.0403995373 -1.44423196
-0.00591473236 -0.00468601273  100.301119  91.4514553  116.85625 -0.0101004429 -0.0258134545  29985.7419 -0.271004409  0.000121495382 -84.4198152  0.0389814757 -1.19296816
-1.9763532E-07  1.96640201E-06 -0.00673888639  0.0162081473 -0.0101004429  8.0616829E-05  8.89183462E-06  0.685260004  0.000212567135 -1.54880353E-08 -0.0153314447  5.78019685E-07  0.000453747126
-9.51947295E-07  5.04986679E-06 -0.0282263546  0.0453681663 -0.0258134545  8.89183462E-06  0.000312854775  0.737905722 -3.14268389E-05  3.86831732E-09 -0.056755613 -4.42968589E-06  3.49044061E-05
-2.09656575 -0.497497848  28233.3281  40849.4852  29985.7419  0.685260004  0.737905722  10028730.6 -119.581338  0.0392400464 -32936.7627  11.6255934 -395.067559
3.44083802E-05  1.33778239E-05 -0.46324113 -0.566361197 -0.271004409  0.000212567135 -3.14268389E-05 -119.581338  0.405265456 -6.50343229E-05  11.5573532 -0.0129085983  1.48198426
-9.72643459E-09 -5.16564157E-09  0.000132502618  0.000146224931  0.000121495382 -1.54880353E-08  3.86831732E-09  0.0392400464 -6.50343229E-05  1.22468836E-08 -0.00309951793  2.49642587E-06 -0.000257889416
0.00767978405  0.000580275088  28.463783 -151.276508 -84.4198152 -0.0153314447 -0.056755613 -32936.7627  11.5573532 -0.00309951793  3184.41361 -0.753657959  65.4842888
-2.73972885E-06 -1.57674684E-06  0.0418259727  0.0403995373  0.0389814757  5.78019685E-07 -4.42968589E-06  11.6255934 -0.0129085983  2.49642587E-06 -0.753657959  0.000564585216 -0.0546811236
0.00011585581  8.25306645E-05 -1.43895878 -1.44423196 -1.19296816  0.000453747126  3.49044061E-05 -395.067559  1.48198426 -0.000257889416  65.4842888 -0.0546811236  5.86443006
