8.35604662E-07 -5.71125005E-08 -0.0110209773 -0.0136000991 -0.0115388177  4.57585566E-07 -1.35487295E-06 -3.477407  2.94176954E-05 -3.08397352E-09  0.0110078244 -2.62009282E-06  3.873135E-05
-5.71125005E-08  2.85628617E-07  0.000808796448  0.00234949139 -0.000558314683  9.18543375E-07  2.71412687E-06  0.243977986  3.94654499E-05 -5.30581292E-09  0.00364160939 -8.00779392E-07  0.000139213929
-0.0110209773  0.000808796448  222.48213  176.373002  155.8668 -0.00558323611  0.015929288  46051.3317  0.0171721475 -7.99249937E-05  37.3419695  0.00582922404  1.6520399
-0.0136000991  0.00234949139  176.373002  239.177829  176.259981 -0.00443875202  0.0403403428  57635.4651  0.0334751017 -1.48159863E-05 -148.057722  0.0260262335  1.18198855
-0.0115388177 -0.000558314683  155.8668  176.259981  178.830627 -0.00811049629  0.000562206359  49527.1819 -0.995395391  0.000134680762 -187.83063  0.0562168591 -2.67836868
4.57585566E-07  9.18543375E-07 -0.00558323611 -0.00443875202 -0.00811049629  2.11351729E-05  8.93308057E-06 -1.70685085  4.13316423E-05 -4.04972493E-09  0.0113018262 -4.25761263E-07  2.01883977E-05
-1.35487295E-06  2.71412687E-06  0.015929288  0.0403403428  0.000562206359  8.93308057E-06  7.36480417E-05  5.30950186  0.00108486581 -2.03074727E-07  0.0933563002 -4.10102128E-05  0.00454181845
-3.477407  0.243977986  46051.3317  57635.4651  49527.1819 -1.70685085  5.30950186  14975846.3 -151.401533  0.0205008407 -48404.9913  12.2368961 -285.875523
2.94176954E-05  3.94654499E-05  0.0171721475  0.0334751017 -0.995395391  4.13316423E-05  0.00108486581 -151.401533  0.277994 -4.47115145E-05  21.0622668 -0.00920014192  1.02510684
-3.08397352E-09 -5.30581292E-09 -7.99249937E-05 -1.48159863E-05  0.000134680762 -4.04972493E-09 -2.03074727E-07  0.0205008407 -4.47115145E-05  8.42584573E-09 -0.00425623602  1.77802637E-06 -0.000180383006
0.0110078244  0.00364160939  37.3419695 -148.057722 -187.83063  0.0113018262  0.0933563002 -48404.9913  21.0622668 -0.00425623602  3691.68807 -0.988561778  93.4394667
-2.62009282E-06 -8.00779392E-07  0.00582922404  0.0260262335  0.0562168591 -4.25761263E-07 -4.10102128E-05  12.2368961 -0.00920014192  1.77802637E-06 -0.988561778  0.000416500429 -0.0391435755
3.873135E-05  0.000139213929  1.6520399  1.18198855 -2.67836868  2.01883977E-05  0.00454181845 -285.875523  1.02510684 -0.000180383006  93.4394667 -0.0391435755  4.09816155
