3.86927287E-07 -6.96337206E-08 -0.00722930338 -0.00969520489 -0.00701040179  2.33690564E-07 -1.15141607E-06 -2.69477284  2.88840497E-05 -1.45133953E-08  0.00752742145 -2.11198028E-06  9.28373908E-05
-6.96337206E-08  3.90787321E-07  0.00383621831  0.00349733358 -0.000746829003  1.32541951E-06  2.51148944E-06  0.381624967  3.41996057E-05 -7.06618013E-09  0.0033280714 -1.03117931E-06  0.000124523401
-0.00722930338  0.00383621831  338.692447  174.063181  141.876405  0.00504232463  0.0292244638  50605.9657 -0.116077053  0.000161486538  194.438552  0.000151380796  1.14942477
-0.00969520489  0.00349733358  174.063181  271.877698  148.205821 -0.00297886197  0.045508029  67433.4769 -0.714771931  0.000379468816 -200.048905  0.0520982536 -2.23343471
-0.00701040179 -0.000746829003  141.876405  148.205821  165.672438 -0.00705375365  0.00431306281  51298.5906 -0.737134385  0.000322669152 -153.294372  0.0493715951 -2.70484173
2.33690564E-07  1.32541951E-06  0.00504232463 -0.00297886197 -0.00705375365  2.49741411E-05  8.72083615E-06 -1.85431212  4.68642797E-05 -1.67676512E-08  0.0178818024  4.09547804E-07 -0.000159692098
-1.15141607E-06  2.51148944E-06  0.0292244638  0.045508029  0.00431306281  8.72083615E-06  6.7926408E-05  7.54379663  1.04681202E-05  2.65510374E-08 -0.012100682 -4.00971399E-08  0.000286628718
-2.69477284  0.381624967  50605.9657  67433.4769  51298.5906 -1.85431212  7.54379663  19305235.6 -246.620267  0.115913636 -57200.7506  16.9600922 -836.81915
2.88840497E-05  3.41996057E-05 -0.116077053 -0.714771931 -0.737134385  4.68642797E-05  1.04681202E-05 -246.620267  0.302370959 -6.18110352E-05  9.68840415 -0.00891010473  1.01508756
-1.45133953E-08 -7.06618013E-09  0.000161486538  0.000379468816  0.000322669152 -1.67676512E-08  2.65510374E-08  0.115913636 -6.18110352E-05  1.63680322E-08 -0.00327606963  2.42102973E-06 -0.000238712536
0.00752742145  0.0033280714  194.438552 -200.048905 -153.294372  0.0178818024 -0.012100682 -57200.7506  9.68840415 -0.00327606963  2761.95414 -0.620063485  52.6992416
-2.11198028E-06 -1.03117931E-06  0.000151380796  0.0520982536  0.0493715951  4.09547804E-07 -4.00971399E-08  16.9600922 -0.00891010473  2.42102973E-06 -0.620063485  0.000433053513 -0.0391589514
9.28373908E-05  0.000124523401  1.14942477 -2.23343471 -2.70484173 -0.000159692098  0.000286628718 -836.81915  1.01508756 -0.000238712536  52.6992416 -0.0391589514  3.99813853
