8.94457809E-08 -3.18362819E-08 -0.0024572613 -0.00484306067 -0.00426729907  5.14135578E-07  3.80440168E-07 -2.21654271  5.6002502E-05 -1.93616185E-08  0.00221866987 -1.86891569E-06  0.000150962558
-3.18362819E-08  2.71783416E-07  0.000449430989  0.00316101528  0.000274505642  6.81305954E-07  2.24028205E-06  0.696003454  9.35347512E-06 -2.51477695E-09  0.00208385861  2.45944827E-07  1.91435317E-05
-0.0024572613  0.000449430989  136.121076  116.856573  138.212754 -0.0218542624 -0.0465225345  63959.585 -2.10663348  0.000663744465 -72.0498672  0.0710159487 -6.04649183
-0.00484306067  0.00316101528  116.856573  299.546904  189.353617 -0.0188047166  0.0257471663  116016.488 -2.52005784  0.00096517222 -113.463138  0.10383696 -7.3244298
-0.00426729907  0.000274505642  138.212754  189.353617  265.941364 -0.0362870022 -0.0716029967  113768.295 -3.20944352  0.00098052515 -85.861029  0.0757283311 -7.51646974
5.14135578E-07  6.81305954E-07 -0.0218542624 -0.0188047166 -0.0362870022  2.83055611E-05  2.58333735E-05 -13.8398284  0.000434923092 -1.5385164E-07  0.00569237568 -4.4907771E-06  0.000528985317
3.80440168E-07  2.24028205E-06 -0.0465225345  0.0257471663 -0.0716029967  2.58333735E-05  0.000192214194 -15.7560877  0.000693168082 -2.4572685E-07  0.0780195862 -8.33623206E-06  0.00185079138
-2.21654271  0.696003454  63959.585  116016.488  113768.295 -13.8398284 -15.7560877  56427342. -1450.36004  0.490682585 -49956.4297  44.41049 -3735.01667
5.6002502E-05  9.35347512E-06 -2.10663348 -2.52005784 -3.20944352  0.000434923092  0.000693168082 -1450.36004  0.17168279 -5.15787919E-05  5.83858629 -0.00455980926  0.48170337
-1.93616185E-08 -2.51477695E-09  0.000663744465  0.00096517222  0.00098052515 -1.5385164E-07 -2.4572685E-07  0.490682585 -5.15787919E-05  1.93877327E-08 -0.00239661307  1.81802217E-06 -0.000162075402
0.00221866987  0.00208385861 -72.0498672 -113.463138 -85.861029  0.00569237568  0.0780195862 -49956.4297  5.83858629 -0.00239661307  784.285005 -0.322887104  26.4602635
-1.86891569E-06  2.45944827E-07  0.0710159487  0.10383696  0.0757283311 -4.4907771E-06 -8.33623206E-06  44.41049 -0.00455980926  1.81802217E-06 -0.322887104  0.000254086429 -0.0192627037
0.000150962558  1.91435317E-05 -6.04649183 -7.3244298 -7.51646974  0.000528985317  0.00185079138 -3735.01667  0.48170337 -0.000162075402  26.4602635 -0.0192627037  1.71992686
