3.72640801E-07 -5.07002207E-08 -0.00527507841 -0.0102743309 -0.00540708024 -1.76254008E-09 -1.18448836E-06 -2.5250268  7.10604261E-05 -1.5128436E-08  0.00641274065 -3.00704408E-06  0.000220453692
-5.07002207E-08  3.90712212E-07 -0.00102404135  0.00414739412 -0.00313217914  1.05596827E-06  2.92774588E-06  0.113848895  3.21979841E-05 -3.8520853E-09  0.00159441556 -4.35012713E-07  8.92200575E-05
-0.00527507841 -0.00102404135  164.99189  124.982689  101.877825 -0.000332882987  0.00517452691  36718.4978 -1.76412864  0.000295043448  141.243056  0.0656470389 -5.82635056
-0.0102743309  0.00414739412  124.982689  321.113488  108.977436  0.00424806395  0.0534521205  68694.7412 -2.24596026  0.000483541692 -177.032177  0.0862601104 -6.75229467
-0.00540708024 -0.00313217914  101.877825  108.977436  136.47949 -0.00804170104 -0.0103702318  40335.8059 -0.706240596  0.000115037795 -81.252201  0.0253796183 -1.63242575
-1.76254008E-09  1.05596827E-06 -0.000332882987  0.00424806395 -0.00804170104  2.80740915E-05  8.22633662E-06 -0.655704787  8.11299947E-05  1.48432878E-08  0.0059330322  9.34296354E-06 -0.000325215921
-1.18448836E-06  2.92774588E-06  0.00517452691  0.0534521205 -0.0103702318  8.22633662E-06  0.000137388563  6.09582676 -0.000419107344  1.03584956E-07  0.0575244402  1.95483897E-05 -0.00142018109
-2.5250268  0.113848895  36718.4978  68694.7412  40335.8059 -0.655704787  6.09582676  17714284.8 -470.750617  0.0939906437 -41380.5457  17.2819596 -1299.25208
7.10604261E-05  3.21979841E-05 -1.76412864 -2.24596026 -0.706240596  8.11299947E-05 -0.000419107344 -470.750617  0.280760373 -5.02431085E-05  3.66722118 -0.00794935978  0.931034457
-1.5128436E-08 -3.8520853E-09  0.000295043448  0.000483541692  0.000115037795  1.48432878E-08  1.03584956E-07  0.0939906437 -5.02431085E-05  1.15312634E-08 -0.00150599212  1.96795668E-06 -0.000192051354
0.00641274065  0.00159441556  141.243056 -177.032177 -81.252201  0.0059330322  0.0575244402 -41380.5457  3.66722118 -0.00150599212  2721.52879 -0.299393843  22.9096449
-3.00704408E-06 -4.35012713E-07  0.0656470389  0.0862601104  0.0253796183  9.34296354E-06  1.95483897E-05  17.2819596 -0.00794935978  1.96795668E-06 -0.299393843  0.00040404186 -0.03503993
0.000220453692  8.92200575E-05 -5.82635056 -6.75229467 -1.63242575 -0.000325215921 -0.00142018109 -1299.25208  0.931034457 -0.000192051354  22.9096449 -0.03503993  3.57273942
