6.27407918E-08 -4.70625595E-08 -0.000898366583 -0.0031810527 -0.00116368644 4.02190572E-07 -9.64887752E-09 -0.84608096  9.23048952E-06 -2.62425533E-09 0.000537758344 -3.04677282E-07  1.71001297E-05
-4.70625595E-08  7.23269727E-06  0.0508825942 -0.00217389992 -0.00207300777 9.34745352E-06  3.97347546E-06 -0.680368108 -7.46058327E-05  4.68744838E-08 -0.00576544795  7.60581227E-06 -0.000517136616
-0.000898366583  0.0508825942  700.956223 -7.29511116  47.430118 -0.00312518961 -0.0391716771  11850.2952 -0.961435614  0.000373873224 118.576266  0.0571099966 -5.3882541
-0.0031810527 -0.00217389992 -7.29511116  213.331909  32.3268987 -0.0237611901 0.00776813203  42989.7363 -0.117322265  7.07330784E-05 -40.9691815 0.0121373239 -0.176836213
-0.00116368644 -0.00207300777  47.430118  32.3268987  73.6445085 -0.0298604995 -0.0117482102  23311.7709 -0.380970828  6.40918175E-06  39.87457 -0.0136526537 0.443374488
4.02190572E-07  9.34745352E-06 -0.00312518961 -0.0237611901 -0.0298604995 0.000190017244 -1.01693224E-05 -11.1829968  8.00250258E-05  6.0426995E-08 -0.110175056  3.13164068E-05 -0.00159374736
-9.64887752E-09  3.97347546E-06 -0.0391716771  0.00776813203 -0.0117482102 -1.01693224E-05  0.00031945719 -1.35789319  0.000696142236 -1.76327815E-08 -0.08523963  3.39862204E-06  0.000802970148
-0.84608096 -0.680368108  11850.2952  42989.7363  23311.7709 -11.1829968 -1.35789319  13309618.1 -146.456907  0.0202125613  3883.32676 -0.840990808 27.9083427
9.23048952E-06 -7.46058327E-05 -0.961435614 -0.117322265 -0.380970828 8.00250258E-05  0.000696142236 -146.456907  0.124557419 -1.87370754E-05 -0.0334417542 -0.00103203779  0.267361548
-2.62425533E-09  4.68744838E-08  0.000373873224  7.07330784E-05 6.40918175E-06  6.0426995E-08 -1.76327815E-08  0.0202125613 -1.87370754E-05 4.7494255E-09 -0.000914017327  6.32671083E-07 -6.48096316E-05
0.000537758344 -0.00576544795  118.576266 -40.9691815  39.87457 -0.110175056 -0.08523963  3883.32676 -0.0334417542 -0.000914017327  2146.72386 -0.343199874 20.8565834
-3.04677282E-07  7.60581227E-06  0.0571099966  0.0121373239 -0.0136526537 3.13164068E-05  3.39862204E-06 -0.840990808 -0.00103203779  6.32671083E-07 -0.343199874  0.000169710281 -0.0110668527
1.71001297E-05 -0.000517136616 -5.3882541 -0.176836213  0.443374488 -0.00159374736  0.000802970148  27.9083427  0.267361548 -6.48096316E-05 20.8565834 -0.0110668527  1.14014103
