5.31065149E-07 -6.56385118E-08 -0.00696032202 -0.00869631103 -0.00671038041 -1.66658982E-07 -6.20185695E-07 -2.11721822  9.05539535E-05 -1.33738775E-08 0.0146276447 -2.23702406E-06  0.000212480711
-6.56385118E-08  5.07090181E-07  0.00195463451  0.00295268989 -0.00149018745 1.18839951E-06  1.75139316E-06  0.192936449  2.58785122E-05 -5.46036479E-09 0.00533130604 -9.1342425E-07  0.000118479794
-0.00696032202  0.00195463451  164.460558  109.893106  93.9728199 0.00767525104  0.0135476413  27902.4661 -1.13795871  0.000102500917 -99.7207674  0.0165220241 -1.98689961
-0.00869631103  0.00295268989  109.893106  161.303676  89.7669886 0.00420369815  0.0176945426  34416.2442 -1.21797892  0.000179768204 -207.27645  0.02953508 -2.46808689
-0.00671038041 -0.00149018745  93.9728199  89.7669886  112.755604 -0.000108489318  0.000308411348  27938.4561 -1.57352898  0.000236543251 -219.278868  0.0372803026 -4.0998991
-1.66658982E-07  1.18839951E-06  0.00767525104  0.00420369815 -0.000108489318 1.50331247E-05  6.16000542E-06  0.562418191  0.000159999897 -3.22519533E-08 0.0273784043 -8.79803778E-07  0.000466188696
-6.20185695E-07  1.75139316E-06  0.0135476413  0.0176945426  0.000308411348 6.16000542E-06  2.88153548E-05  2.38418357  8.74292857E-05 -2.65601977E-08 0.010079366 -3.70462632E-06  0.000420746753
-2.11721822  0.192936449  27902.4661  34416.2442  27938.4561  0.562418191 2.38418357  8620029.29 -389.498254  0.0584534006 -57583.8731  9.19178389 -913.957271
9.05539535E-05  2.58785122E-05 -1.13795871 -1.21797892 -1.57352898 0.000159999897  8.74292857E-05 -389.498254  0.149632188 -2.35584726E-05 7.11142312 -0.00259098109  0.408449708
-1.33738775E-08 -5.46036479E-09  0.000102500917  0.000179768204 0.000236543251 -3.22519533E-08 -2.65601977E-08  0.0584534006 -2.35584726E-05 5.36438492E-09 -0.00150838714  6.83437951E-07 -7.79559375E-05
0.0146276447  0.00533130604 -99.7207674 -207.27645 -219.278868  0.0273784043 0.010079366 -57583.8731  7.11142312 -0.00150838714  2444.46509 -0.289276696 31.2893324
-2.23702406E-06 -9.1342425E-07  0.0165220241  0.02953508  0.0372803026 -8.79803778E-07 -3.70462632E-06  9.19178389 -0.00259098109  6.83437951E-07 -0.289276696  0.000126975474 -0.0108449888
0.000212480711  0.000118479794 -1.98689961 -2.46808689 -4.0998991 0.000466188696  0.000420746753 -913.957271  0.408449708 -7.79559375E-05 31.2893324 -0.0108449888  1.35665118
