8.30005182E-08  3.25517631E-10 -0.000800128265 -0.00468979033 -0.00160198022 1.5693011E-07  3.5827774E-07 -1.31415418 -2.74414486E-06 -2.91753446E-09 0.00490268904 -6.62871679E-07  2.01434259E-05
3.25517631E-10  1.41132512E-06  0.0199852944 -0.000971099282 -0.00267974647 2.46206879E-06  2.46781148E-06 -0.811154924 -3.01723314E-05  9.37819472E-09 0.012305258 -3.01233187E-07 -2.59520778E-05
-0.000800128265  0.0199852944  759.042412  32.7439992  26.8089282 -0.0161039873  0.0184841008  10932.5507 -1.16807753  0.000276566061  388.51894 0.0142609471 -2.49371199
-0.00468979033 -0.000971099282  32.7439992  340.516724  75.4485036 -0.00429861296 -0.0184645187  83150.6136  0.121596898  0.000200183733 -326.54034  0.0432654218 -1.3976751
-0.00160198022 -0.00267974647  26.8089282  75.4485036  98.7162087 -0.0376843817 -0.0271852751  39787.4091 -0.264674345  0.000103052314 -170.113193  0.0181178035 -1.19230067
1.5693011E-07  2.46206879E-06 -0.0161039873 -0.00429861296 -0.0376843817 0.000178923761  1.89475295E-05 -10.1076929 -5.18545219E-06 -3.17728187E-08 0.0298987505 -9.95606778E-06  0.000144301735
3.5827774E-07  2.46781148E-06  0.0184841008 -0.0184645187 -0.0271852751 1.89475295E-05  0.000139980637 -10.557684  0.000348021265 -5.43805478E-08 0.0768428654 -4.23956838E-06  0.000954220997
-1.31415418 -0.811154924  10932.5507  83150.6136  39787.4091 -10.1076929 -10.557684  26336235. -19.1192503  0.0589585858 -106588.338  12.5420651 -507.699679
-2.74414486E-06 -3.01723314E-05 -1.16807753  0.121596898 -0.264674345 -5.18545219E-06  0.000348021265 -19.1192503  0.120547875 -2.28872922E-05 0.768035374 -0.00125534434  0.285675343
-2.91753446E-09  9.37819472E-09  0.000276566061  0.000200183733 0.000103052314 -3.17728187E-08 -5.43805478E-08  0.0589585858 -2.28872922E-05 6.71938843E-09 -0.00143592596  6.72098701E-07 -7.48050159E-05
0.00490268904  0.012305258  388.51894 -326.54034 -170.113193  0.0298987505 0.0768428654 -106588.338  0.768035374 -0.00143592596  3362.66703 -0.501916393 31.0626706
-6.62871679E-07 -3.01233187E-07  0.0142609471  0.0432654218  0.0181178035 -9.95606778E-06 -4.23956838E-06  12.5420651 -0.00125534434  6.72098701E-07 -0.501916393  0.00014688311 -0.0100348175
2.01434259E-05 -2.59520778E-05 -2.49371199 -1.3976751 -1.19230067 0.000144301735  0.000954220997 -507.699679  0.285675343 -7.48050159E-05 31.0626706 -0.0100348175  1.11215924
