5.52094777E-08 -1.59734654E-08 -0.00200803678 -0.00338087949 -0.00160481509 4.4186826E-08 -3.56725354E-07 -1.13559  1.81249088E-05 -5.51751407E-09 0.00130593955 -5.593093E-07  5.71411854E-05
-1.59734654E-08  1.66519209E-06  0.0169150701  0.00162169125 -0.00346282171 2.74103794E-06  8.16521956E-07 -0.672731434  1.76861125E-05 -3.97700225E-09 0.0111140094 -1.749639E-06  0.000112226531
-0.00200803678  0.0169150701  865.725648  41.9600694  139.448591 0.00759484284 -0.0683404778  46744.3377  2.65839436 -0.000588550734 205.695867 -0.0438995083  5.70742548
-0.00338087949  0.00162169125  41.9600694  309.09792  19.5667468 0.00234524934  0.0617628742  66213.4366 -1.55797098  0.000460837119 -47.8295194  0.0410735775 -4.39634421
-0.00160481509 -0.00346282171  139.448591  19.5667468  215.345191 -0.013241099 -0.0135560975  62766.4033  0.174538001  1.33945461E-05 -123.56875 0.0128380417 -0.366187479
4.4186826E-08  2.74103794E-06  0.00759484284  0.00234524934 -0.013241099 0.000231669912 -1.48324169E-05 -4.95557454 -0.000259214731  1.06858054E-07 -0.0447170387  2.41417161E-05 -0.00198697561
-3.56725354E-07  8.16521956E-07 -0.0683404778  0.0617628742 -0.0135560975 -1.48324169E-05  0.00057495071  3.21054423 -0.000275270612  7.7785048E-08 0.0138039115 -1.28334523E-05 -0.000308012539
-1.13559 -0.672731434  46744.3377  66213.4366  62766.4033 -4.95557454 3.21054423  30885303.2 -292.930476  0.0992466796 -41086.1587  11.5807447 -1030.72247
1.81249088E-05  1.76861125E-05  2.65839436 -1.55797098  0.174538001 -0.000259214731 -0.000275270612 -292.930476  0.18914029 -4.59190372E-05 3.17340287 -0.00306620388  0.460469358
-5.51751407E-09 -3.97700225E-09 -0.000588550734  0.000460837119 1.33945461E-05  1.06858054E-07  7.7785048E-08  0.0992466796 -4.59190372E-05 1.46237521E-08 -0.00192379187  1.29444278E-06 -0.000139162597
0.00130593955  0.0111140094  205.695867 -47.8295194 -123.56875 -0.0447170387 0.0138039115 -41086.1587  3.17340287 -0.00192379187  2037.66388 -0.462987377 32.1947956
-5.593093E-07 -1.749639E-06 -0.0438995083  0.0410735775  0.0128380417 2.41417161E-05 -1.28334523E-05  11.5807447 -0.00306620388  1.29444278E-06 -0.462987377  0.000202773296 -0.0155192235
5.71411854E-05  0.000112226531  5.70742548 -4.39634421 -0.366187479 -0.00198697561 -0.000308012539 -1030.72247  0.460469358 -0.000139162597 32.1947956 -0.0155192235  1.60971418
