6.50797725E-08 -8.59039312E-08 -0.00351192379 -0.004438151 -0.00233681096  1.87519549E-07 -3.39330399E-07 -1.66417842  5.44215039E-07 -1.60823305E-09  0.000761612129 -6.38903972E-07  1.8037152E-05
-8.59039312E-08  2.69779511E-06  0.0257855537  0.00185754602 -0.000629065749  6.69068843E-07  1.88491757E-06  0.321000346 -1.08424688E-05  6.1833329E-09  0.00189996119  1.42507344E-06 -0.000148163254
-0.00351192379  0.0257855537  928.751961  123.897026  254.777355 -0.039618933 -0.051481373  102066.776  0.257035717  3.09264238E-05  165.125832  0.0252994436 -0.691498009
-0.004438151  0.00185754602  123.897026  431.418552  73.2074512  0.0101192317  0.0723908014  115929.665 -0.149557064  0.000197904948 -87.4690409  0.0613671456 -2.18791111
-0.00233681096 -0.000629065749  254.777355  73.2074512  253.887157  -0.0407381639 -0.0466136193  89670.2322 -0.138883305 -4.12184E-05  34.6694279  -0.00701816169  0.806718592
1.87519549E-07  6.69068843E-07 -0.039618933  0.0101192317 -0.0407381639  0.000104315208  1.33833263E-05 -9.016645  0.000236399366 -3.45045351E-08  -0.0233969689  1.53914836E-06 -0.00019220347
-3.39330399E-07  1.88491757E-06 -0.051481373  0.0723908014 -0.0466136193  1.33833263E-05  0.000342139688  1.43763784  0.00028037476 -2.50168181E-08  -0.0204167348 -1.58952934E-06 -2.60573457E-05
-1.66417842  0.321000346  102066.776  115929.665  89670.2322 -9.016645  1.43763784  52045501.9 -81.993766  0.0330220502 -12442.7102  11.7790838 -334.191031
5.44215039E-07 -1.08424688E-05  0.257035717 -0.149557064 -0.138883305  0.000236399366  0.00028037476 -81.993766  0.0679967914 -1.15092586E-05  2.73135149 -0.00126957838  0.176085266
-1.60823305E-09  6.1833329E-09  3.09264238E-05  0.000197904948 -4.12184E-05 -3.45045351E-08 -2.50168181E-08  0.0330220502 -1.15092586E-05  3.10200393E-09  -0.00107804095  5.59844603E-07 -4.58447592E-05
0.000761612129  0.00189996119  165.125832 -87.4690409  34.6694279  -0.0233969689 -0.0204167348 -12442.7102  2.73135149 -0.00107804095  1124.02129 -0.291734849  20.8216373
-6.38903972E-07  1.42507344E-06  0.0252994436  0.0613671456 -0.00701816169  1.53914836E-06 -1.58952934E-06  11.7790838 -0.00126957838  5.59844603E-07  -0.291734849  0.000151274131 -0.00916798274
1.8037152E-05 -0.000148163254 -0.691498009 -2.18791111  0.806718592  -0.00019220347 -2.60573457E-05 -334.191031  0.176085266 -4.58447592E-05  20.8216373 -0.00916798274  0.812866209
