1.22446207E-07 -2.89405654E-07 -0.00411653296 -0.00595203957 -0.00292953924 7.06682386E-07  9.38592736E-07 -1.8931608  1.10980779E-05 -4.29497048E-09 0.00545922224 -9.55913415E-07  4.8938501E-05
-2.89405654E-07  1.11943666E-05  0.0875523157  0.00668236204 -0.00281121181 4.79204067E-06  6.25382225E-07  0.681338892  7.67595094E-05  2.31271945E-09 -0.013456856  5.22473941E-06 -0.000205703204
-0.00411653296  0.0875523157  1666.79569  232.036995  147.455894  0.0443321861 -0.0266707426  82611.4242  0.443747709  0.000142908406  19.5930202 0.0512672594 -2.00667825
-0.00595203957  0.00668236204  232.036995  395.678811  141.888839 -0.0339026942 -0.047379008  110820.06 -0.821760842  0.000281221401 -310.098625 0.0578054516 -3.54006782
-0.00292953924 -0.00281121181  147.455894  141.888839  173.881462 -0.0364696454 -0.02838385  72075.0065 -0.534741157  0.00010305578 -58.7017301 0.000894446666 -0.250879579
7.06682386E-07  4.79204067E-06  0.0443321861 -0.0339026942 -0.0364696454 0.000163950878  1.99766386E-05 -15.1974002 -0.000222190569  8.25144063E-08 0.0117514704  1.40389628E-05 -0.00134200059
9.38592736E-07  6.25382225E-07 -0.0266707426 -0.047379008 -0.02838385 1.99766386E-05  0.000174673836 -16.6957732 -0.000288682031  9.13169792E-08 0.0336457176 6.74042009E-06 -0.00122054217
-1.8931608  0.681338892  82611.4242  110820.06  72075.0065 -15.1974002 -16.6957732  40294929.3 -235.973484  0.0713724728 -80779.3545  11.1140892 -651.899434
1.10980779E-05  7.67595094E-05  0.443747709 -0.821760842 -0.534741157 -0.000222190569 -0.000288682031 -235.973484  0.165331462 -3.62175946E-05 -0.553387535 -0.00245183527  0.390945801
-4.29497048E-09  2.31271945E-09  0.000142908406  0.000281221401  0.00010305578 8.25144063E-08  9.13169792E-08  0.0713724728 -3.62175946E-05  1.09540573E-08 -0.00115086063  1.13078638E-06 -0.000112483114
0.00545922224 -0.013456856  19.5930202 -310.098625 -58.7017301  0.0117514704 0.0336457176 -80779.3545 -0.553387535 -0.00115086063  2622.71855 -0.462236552 25.3905012
-9.55913415E-07  5.22473941E-06  0.0512672594  0.0578054516  0.000894446666 1.40389628E-05  6.74042009E-06  11.1140892 -0.00245183527  1.13078638E-06 -0.462236552  0.000204207138 -0.0140459254
4.8938501E-05 -0.000205703204 -2.00667825 -3.54006782 -0.250879579 -0.00134200059 -0.00122054217 -651.899434  0.390945801 -0.000112483114 25.3905012 -0.0140459254  1.39357038
