2.57680319E-07 -4.87114877E-06 -0.00448939988 -0.00850254902 -0.00428863864 2.57765004E-07  7.32359055E-07 -2.54316757 -5.87269544E-06 -8.61944441E-10 0.00607315743 -3.62411187E-07 -1.94884038E-05
-4.87114877E-06  0.000306960937 -0.0627324034  0.0331716519 -0.00345961278 9.66521908E-07 -1.5064762E-05  3.90950292  9.79863706E-05  6.28650446E-08 -0.0728703389  1.99098431E-05 -0.000775971171
-0.00448939988 -0.0627324034  1715.67936  182.779364  135.103946  0.0824505045 -0.0145531875  63838.5077 -1.80727418  0.000321383497  463.722495 0.0580000855 -7.06046999
-0.00850254902  0.0331716519  182.779364  439.090823  151.032991 -0.0184987851 -0.00204897298  113269.029 -0.235860423  7.50395165E-05 -215.574581 0.00888040947  0.58038449
-0.00428863864 -0.00345961278  135.103946  151.032991  216.827696 -0.0298459084 -0.0344782076  78507.8673  0.745333472 -0.000187067662 -168.930348 -0.0228793454  3.26901498
2.57765004E-07  9.66521908E-07  0.0824505045 -0.0184987851 -0.0298459084 0.000175223046  1.8324028E-05 -9.95446604 -0.000805820075  7.40262969E-08 0.13127892 -9.19108131E-06 -0.00106081557
7.32359055E-07 -1.5064762E-05 -0.0145531875 -0.00204897298 -0.0344782076 1.8324028E-05  0.000297607321 -9.41756254 -0.000368795524  8.50142281E-08 0.0222446166 -8.2728057E-06 -0.000211511461
-2.54316757  3.90950292  63838.5077  113269.029  78507.8673 -9.95446604 -9.41756254  39308950.3  149.359438 -0.0351775443 -76612.4192 -4.31509393 946.689378
-5.87269544E-06  9.79863706E-05 -1.80727418 -0.235860423  0.745333472 -0.000805820075 -0.000368795524  149.359438  0.162547675 -3.00151572E-05 -1.61443019 -0.0023708773  0.416739297
-8.61944441E-10  6.28650446E-08  0.000321383497  7.50395165E-05 -0.000187067662  7.40262969E-08  8.50142281E-08 -0.0351775443 -3.00151572E-05 7.61550586E-09 -0.000853086471  9.26548093E-07 -0.000102365802
0.00607315743 -0.0728703389  463.722495 -215.574581 -168.930348  0.13127892 0.0222446166 -76612.4192 -1.61443019 -0.000853086471  2014.36694 -0.332901224 16.1804131
-3.62411187E-07  1.99098431E-05  0.0580000855  0.00888040947 -0.0228793454 -9.19108131E-06 -8.2728057E-06 -4.31509393 -0.0023708773  9.26548093E-07 -0.332901224  0.000186403967 -0.0142507006
-1.94884038E-05 -0.000775971171 -7.06046999  0.58038449  3.26901498 -0.00106081557 -0.000211511461  946.689378  0.416739297 -0.000102365802 16.1804131 -0.0142507006  1.60612811
