3.87320811E-08 -2.33826196E-08 -0.00135752457 -0.0031145986 -0.000608281913 1.41765042E-08 -8.13873893E-08 -0.928731363  3.99715752E-06 -3.66032219E-09 0.000482388249 -4.17870836E-07  1.36041682E-05
-2.33826196E-08  7.94617534E-07  0.0167426887  0.000897814665 -0.00205953575 1.52317189E-06  1.23904571E-06 -0.335299696  4.94253634E-06 -5.39410544E-10 0.000944566667  1.0452433E-07  1.99454026E-05
-0.00135752457  0.0167426887  792.715844  19.840859  27.7745722  0.0267464732 0.00651575564  15662.1554  0.491519596 -0.00019268314  140.36488 -0.0072720225  1.17475238
-0.0031145986  0.000897814665  19.840859  351.891659 -0.487192874 0.00333514103  0.016410417  81936.6007 -0.566245715  0.000365725824 -65.8752617  0.0349388703 -1.60648386
-0.000608281913 -0.00205953575  27.7745722 -0.487192874  128.86702 -0.0271539237 -0.0120441155  38651.0498  0.240060137 -1.02284533E-05 30.7436724 -0.00782676723  1.19620251
1.41765042E-08  1.52317189E-06  0.0267464732  0.00333514103 -0.0271539237 0.000120209948  1.54151995E-05 -6.43551822  0.000192750856 -5.9882303E-08 0.0176053002 -4.65312437E-06  0.000583933361
-8.13873893E-08  1.23904571E-06  0.00651575564  0.016410417 -0.0120441155 1.54151995E-05  4.73710927E-05  0.46494271 -5.56507043E-05  3.14400567E-08 -0.0233611056  8.20776468E-06 -0.000503185781
-0.928731363 -0.335299696  15662.1554  81936.6007  38651.0498 -6.43551822 0.46494271  31500885.6 -63.4170495  0.0874112228 -8364.47178  6.63649597 -64.7297514
3.99715752E-06  4.94253634E-06  0.491519596 -0.566245715  0.240060137 0.000192750856 -5.56507043E-05 -63.4170495  0.0691222 -1.5690405E-05 2.67968404 -0.00131683316  0.193329291
-3.66032219E-09 -5.39410544E-10 -0.00019268314  0.000365725824 -1.02284533E-05 -5.9882303E-08  3.14400567E-08  0.0874112228 -1.5690405E-05  6.60868453E-09 -0.00175949287  8.94623899E-07 -6.56414127E-05
0.000482388249  0.000944566667  140.36488 -65.8752617  30.7436724 0.0176053002 -0.0233611056 -8364.47178  2.67968404 -0.00175949287  1354.22769 -0.382842018  22.4735666
-4.17870836E-07  1.0452433E-07 -0.0072720225  0.0349388703 -0.00782676723 -4.65312437E-06  8.20776468E-06  6.63649597 -0.00131683316  8.94623899E-07 -0.382842018  0.000181590988 -0.00977500389
1.36041682E-05  1.99454026E-05  1.17475238 -1.60648386  1.19620251 0.000583933361 -0.000503185781 -64.7297514  0.193329291 -6.56414127E-05 22.4735666 -0.00977500389  0.831117258
