1.06382295E-07 -3.34285022E-08 -0.0026868124 -0.00615555902 -0.00307178715 -3.43772772E-08 -5.84457044E-07 -2.07555981  1.46099488E-05 -4.02947945E-09 0.00264105617 -8.22495719E-07  5.1977758E-05
-3.34285022E-08  1.27138155E-06  0.0188705469  0.000598908704 -0.000877076791 1.55604601E-06  6.22053507E-06  0.146082372  4.63974604E-05 -1.20502614E-08 0.00911433226 -2.14187831E-06  0.000160935069
-0.0026868124  0.0188705469  777.640498  110.667542  108.474843  0.00424963028  0.0465065452  51595.974  1.54309328 -0.000336760291  260.251249 -0.0530811543  4.86198713
-0.00615555902  0.000598908704  110.667542  439.691651  126.909956  0.00964543832  0.0439926169  121486.35 -0.870564933  0.000329812224 -224.261563  0.0767843655 -3.9334704
-0.00307178715 -0.000877076791  108.474843  126.909956  172.764196 -0.00647301202 -0.0103047842  71982.2927 -0.383008318  1.97956222E-05 -54.1600563 -0.00333145901 -0.420709671
-3.43772772E-08  1.55604601E-06  0.00424963028  0.00964543832 -0.00647301202 0.000114979846  2.57589198E-05  0.570199749 -8.65237203E-05 -8.16895695E-09 0.0378484216 -8.84828669E-06  0.000637212726
-5.84457044E-07  6.22053507E-06  0.0465065452  0.0439926169 -0.0103047842 2.57589198E-05  0.000244332893  7.44684345  0.00047156347 -6.93296098E-08  0.0519013574 -8.20613018E-06  0.00122800431
-2.07555981  0.146082372  51595.974  121486.35  71982.2927  0.570199749  7.44684345  44296183. -253.591816  0.0636371561 -53191.0913  12.7831064 -776.846268
1.46099488E-05  4.63974604E-05  1.54309328 -0.870564933 -0.383008318 -8.65237203E-05  0.00047156347 -253.591816  0.0996071245 -1.64586897E-05  3.05698732 -0.00144476412  0.237036601
-4.02947945E-09 -1.20502614E-08 -0.000336760291  0.000329812224 1.97956222E-05 -8.16895695E-09 -6.93296098E-08  0.0636371561 -1.64586897E-05  4.38322598E-09 -0.0014475477  7.01834324E-07 -5.92153051E-05
0.00264105617  0.00911433226  260.251249 -224.261563 -54.1600563  0.0378484216  0.0519013574 -53191.0913  3.05698732 -0.0014475477  1369.71441  -0.37155022  24.0688227
-8.22495719E-07 -2.14187831E-06 -0.0530811543  0.0767843655 -0.00333145901 -8.84828669E-06 -8.20613018E-06  12.7831064 -0.00144476412  7.01834324E-07  -0.37155022  0.000178773498 -0.0105321353
5.1977758E-05  0.000160935069  4.86198713 -3.9334704 -0.420709671  0.000637212726  0.00122800431 -776.846268  0.237036601 -5.92153051E-05  24.0688227 -0.0105321353  0.953439736
