4.89442639E-07 -5.50705153E-09 -0.00933395232 -0.0145550587 -0.00721856861 -9.76968226E-07 -8.8409012E-07 -3.58433241  0.000130973551 -3.69813469E-08 0.0234985348 -6.38716668E-06  0.000541205713
-5.50705153E-09  6.85090497E-07  0.00476240066  0.00221364393 -0.0034407358 2.54310306E-06  8.05642969E-07 -0.209855809  7.31559418E-05 -1.68245971E-08 0.000603992993  2.30551159E-07  9.21161685E-05
-0.00933395232  0.00476240066  538.920593  293.185199  141.010899 0.0293205578  0.0448750119  73604.4599 -1.07849499  0.000150517501 -207.880481  0.0856233596 -6.28976365
-0.0145550587  0.00221364393  293.185199  478.461403  183.231775  0.020578967 0.0227858671  107121.465 -3.70844211  0.00105001701 -694.964704  0.189475103 -16.0271068
-0.00721856861 -0.0034407358  141.010899  183.231775  180.147548  0.0108402023 0.0232861445  61003.4915 -2.8101373  0.000705531304 -375.192732  0.104805498 -9.79669289
-9.76968226E-07  2.54310306E-06  0.0293205578  0.020578967  0.0108402023 0.000282530939 -2.66333215E-06  1.28023991  0.00109542378 -2.14001417E-07 -0.0966202849  2.02274279E-05  0.000579852036
-8.8409012E-07  8.05642969E-07  0.0448750119  0.0227858671  0.0232861445 -2.66333215E-06  0.000264207937  9.9161341 -0.000962029421  8.47646265E-08 -0.0303266586  4.8347362E-05 -0.00405718657
-3.58433241 -0.209855809  73604.4599  107121.465  61003.4915  1.28023991 9.9161341  28096654. -1107.79076  0.299832152 -171360.237  48.1713893 -4277.80066
0.000130973551  7.31559418E-05 -1.07849499 -3.70844211 -2.8101373 0.00109542378 -0.000962029421 -1107.79076  0.247942547 -5.42973541E-05 11.783411 -0.00568667457  0.732969765
-3.69813469E-08 -1.68245971E-08  0.000150517501  0.00105001701  0.000705531304 -2.14001417E-07  8.47646265E-08  0.299832152 -5.42973541E-05  1.74112782E-08 -0.00484528442  2.08756802E-06 -0.000196467099
0.0234985348  0.000603992993 -207.880481 -694.964704 -375.192732 -0.0966202849 -0.0303266586 -171360.237  11.783411 -0.00484528442  3500.72758 -0.877838782  66.5840476
-6.38716668E-06  2.30551159E-07  0.0856233596  0.189475103  0.104805498 2.02274279E-05  4.8347362E-05  48.1713893 -0.00568667457  2.08756802E-06 -0.877838782  0.000362331298 -0.0275649357
0.000541205713  9.21161685E-05 -6.28976365 -16.0271068 -9.79669289 0.000579852036 -0.00405718657 -4277.80066  0.732969765 -0.000196467099 66.5840476 -0.0275649357  2.73082616
